0.300000 0.000000 -0.000000 1.100000 -180.000000 0.400000 0.000000 1.000000
0.300000 0.000822 -0.025628 1.129293 -176.326531 0.400000 0.000000 1.029293
0.300000 0.003284 -0.051151 1.158586 -172.653061 0.400000 0.000000 1.058586
0.300000 0.007376 -0.076463 1.187879 -168.979592 0.400000 0.000000 1.087879
0.300000 0.013082 -0.101462 1.217172 -165.306122 0.400000 0.000000 1.117172
0.300000 0.020378 -0.126043 1.246465 -161.632653 0.400000 0.000000 1.146465
0.300000 0.029233 -0.150107 1.275758 -157.959184 0.400000 0.000000 1.175758
0.300000 0.039612 -0.173553 1.305051 -154.285714 0.400000 0.000000 1.205051
0.300000 0.051473 -0.196287 1.334343 -150.612245 0.400000 0.000000 1.234343
0.300000 0.064765 -0.218214 1.363636 -146.938776 0.400000 0.000000 1.263636
0.300000 0.079435 -0.239244 1.392929 -143.265306 0.400000 0.000000 1.292929
0.300000 0.095422 -0.259291 1.422222 -139.591837 0.400000 0.000000 1.322222
0.300000 0.112660 -0.278273 1.451515 -135.918367 0.400000 0.000000 1.351515
0.300000 0.131080 -0.296111 1.480808 -132.244898 0.400000 0.000000 1.380808
0.300000 0.150604 -0.312733 1.510101 -128.571429 0.400000 0.000000 1.410101
0.300000 0.171153 -0.328069 1.539394 -124.897959 0.400000 0.000000 1.439394
0.300000 0.192643 -0.342057 1.568687 -121.224490 0.400000 0.000000 1.468687
0.300000 0.214985 -0.354640 1.597980 -117.551020 0.400000 0.000000 1.497980
0.300000 0.238087 -0.365765 1.627273 -113.877551 0.400000 0.000000 1.527273
0.300000 0.261854 -0.375387 1.656566 -110.204082 0.400000 0.000000 1.556566
0.300000 0.286189 -0.383467 1.685859 -106.530612 0.400000 0.000000 1.585859
0.300000 0.310992 -0.389971 1.715152 -102.857143 0.400000 0.000000 1.615152
0.300000 0.336160 -0.394873 1.744444 -99.183673 0.400000 0.000000 1.644444
0.300000 0.361591 -0.398152 1.773737 -95.510204 0.400000 0.000000 1.673737
0.300000 0.387179 -0.399794 1.803030 -91.836735 0.400000 0.000000 1.703030
0.300000 0.412821 -0.399794 1.832323 -88.163265 0.400000 0.000000 1.732323
0.300000 0.438409 -0.398152 1.861616 -84.489796 0.400000 0.000000 1.761616
0.300000 0.463840 -0.394873 1.890909 -80.816327 0.400000 0.000000 1.790909
0.300000 0.489008 -0.389971 1.920202 -77.142857 0.400000 0.000000 1.820202
0.300000 0.513811 -0.383467 1.949495 -73.469388 0.400000 0.000000 1.849495
0.300000 0.538146 -0.375387 1.978788 -69.795918 0.400000 0.000000 1.878788
0.300000 0.561913 -0.365765 2.008081 -66.122449 0.400000 0.000000 1.908081
0.300000 0.585015 -0.354640 2.037374 -62.448980 0.400000 0.000000 1.937374
0.300000 0.607357 -0.342057 2.066667 -58.775510 0.400000 0.000000 1.966667
0.300000 0.628847 -0.328069 2.095960 -55.102041 0.400000 0.000000 1.995960
0.300000 0.649396 -0.312733 2.125253 -51.428571 0.400000 0.000000 2.025253
0.300000 0.668920 -0.296111 2.154545 -47.755102 0.400000 0.000000 2.054545
0.300000 0.687340 -0.278273 2.183838 -44.081633 0.400000 0.000000 2.083838
0.300000 0.704578 -0.259291 2.213131 -40.408163 0.400000 0.000000 2.113131
0.300000 0.720565 -0.239244 2.242424 -36.734694 0.400000 0.000000 2.142424
0.300000 0.735235 -0.218214 2.271717 -33.061224 0.400000 0.000000 2.171717
0.300000 0.748527 -0.196287 2.301010 -29.387755 0.400000 0.000000 2.201010
0.300000 0.760388 -0.173553 2.330303 -25.714286 0.400000 0.000000 2.230303
0.300000 0.770767 -0.150107 2.359596 -22.040816 0.400000 0.000000 2.259596
0.300000 0.779622 -0.126043 2.388889 -18.367347 0.400000 0.000000 2.288889
0.300000 0.786918 -0.101462 2.418182 -14.693878 0.400000 0.000000 2.318182
0.300000 0.792624 -0.076463 2.447475 -11.020408 0.400000 0.000000 2.347475
0.300000 0.796716 -0.051151 2.476768 -7.346939 0.400000 0.000000 2.376768
0.300000 0.799178 -0.025628 2.506061 -3.673469 0.400000 0.000000 2.406061
0.300000 0.800000 0.000000 2.535354 0.000000 0.400000 0.000000 2.435354
0.300000 0.800000 0.000000 2.564646 0.000000 0.400000 0.000000 2.464646
0.300000 0.799178 0.025628 2.593939 3.673469 0.400000 0.000000 2.493939
0.300000 0.796716 0.051151 2.623232 7.346939 0.400000 0.000000 2.523232
0.300000 0.792624 0.076463 2.652525 11.020408 0.400000 0.000000 2.552525
0.300000 0.786918 0.101462 2.681818 14.693878 0.400000 0.000000 2.581818
0.300000 0.779622 0.126043 2.711111 18.367347 0.400000 0.000000 2.611111
0.300000 0.770767 0.150107 2.740404 22.040816 0.400000 0.000000 2.640404
0.300000 0.760388 0.173553 2.769697 25.714286 0.400000 0.000000 2.669697
0.300000 0.748527 0.196287 2.798990 29.387755 0.400000 0.000000 2.698990
0.300000 0.735235 0.218214 2.828283 33.061224 0.400000 0.000000 2.728283
0.300000 0.720565 0.239244 2.857576 36.734694 0.400000 0.000000 2.757576
0.300000 0.704578 0.259291 2.886869 40.408163 0.400000 0.000000 2.786869
0.300000 0.687340 0.278273 2.916162 44.081633 0.400000 0.000000 2.816162
0.300000 0.668920 0.296111 2.945455 47.755102 0.400000 0.000000 2.845455
0.300000 0.649396 0.312733 2.974747 51.428571 0.400000 0.000000 2.874747
0.300000 0.628847 0.328069 3.004040 55.102041 0.400000 0.000000 2.904040
0.300000 0.607357 0.342057 3.033333 58.775510 0.400000 0.000000 2.933333
0.300000 0.585015 0.354640 3.062626 62.448980 0.400000 0.000000 2.962626
0.300000 0.561913 0.365765 3.091919 66.122449 0.400000 0.000000 2.991919
0.300000 0.538146 0.375387 3.121212 69.795918 0.400000 0.000000 3.021212
0.300000 0.513811 0.383467 3.150505 73.469388 0.400000 0.000000 3.050505
0.300000 0.489008 0.389971 3.179798 77.142857 0.400000 0.000000 3.079798
0.300000 0.463840 0.394873 3.209091 80.816327 0.400000 0.000000 3.109091
0.300000 0.438409 0.398152 3.238384 84.489796 0.400000 0.000000 3.138384
0.300000 0.412821 0.399794 3.267677 88.163265 0.400000 0.000000 3.167677
0.300000 0.387179 0.399794 3.296970 91.836735 0.400000 0.000000 3.196970
0.300000 0.361591 0.398152 3.326263 95.510204 0.400000 0.000000 3.226263
0.300000 0.336160 0.394873 3.355556 99.183673 0.400000 0.000000 3.255556
0.300000 0.310992 0.389971 3.384848 102.857143 0.400000 0.000000 3.284848
0.300000 0.286189 0.383467 3.414141 106.530612 0.400000 0.000000 3.314141
0.300000 0.261854 0.375387 3.443434 110.204082 0.400000 0.000000 3.343434
0.300000 0.238087 0.365765 3.472727 113.877551 0.400000 0.000000 3.372727
0.300000 0.214985 0.354640 3.502020 117.551020 0.400000 0.000000 3.402020
0.300000 0.192643 0.342057 3.531313 121.224490 0.400000 0.000000 3.431313
0.300000 0.171153 0.328069 3.560606 124.897959 0.400000 0.000000 3.460606
0.300000 0.150604 0.312733 3.589899 128.571429 0.400000 0.000000 3.489899
0.300000 0.131080 0.296111 3.619192 132.244898 0.400000 0.000000 3.519192
0.300000 0.112660 0.278273 3.648485 135.918367 0.400000 0.000000 3.548485
0.300000 0.095422 0.259291 3.677778 139.591837 0.400000 0.000000 3.577778
0.300000 0.079435 0.239244 3.707071 143.265306 0.400000 0.000000 3.607071
0.300000 0.064765 0.218214 3.736364 146.938776 0.400000 0.000000 3.636364
0.300000 0.051473 0.196287 3.765657 150.612245 0.400000 0.000000 3.665657
0.300000 0.039612 0.173553 3.794949 154.285714 0.400000 0.000000 3.694949
0.300000 0.029233 0.150107 3.824242 157.959184 0.400000 0.000000 3.724242
0.300000 0.020378 0.126043 3.853535 161.632653 0.400000 0.000000 3.753535
0.300000 0.013082 0.101462 3.882828 165.306122 0.400000 0.000000 3.782828
0.300000 0.007376 0.076463 3.912121 168.979592 0.400000 0.000000 3.812121
0.300000 0.003284 0.051151 3.941414 172.653061 0.400000 0.000000 3.841414
0.300000 0.000822 0.025628 3.970707 176.326531 0.400000 0.000000 3.870707
0.300000 0.000000 0.000000 4.000000 180.000000 0.400000 0.000000 3.900000
